1803	531.744186047
1804	532.452830189
1805	865.519230769
1806	1053.64
1807	1173.17241379
1808	1628.15151515
1809	743.113207547
1810	1166.34615385
1811	442.846153846
1812	292.173076923
1813	485.807692308
1814	365.181818182
1815	1029.52830189
1816	2042.55769231
1816	1285.1875
1817	1585.28846154
1817	1132.71153846
1818	1661.09615385
1818	1420.40384615
1819	1535.40384615
1819	1403.94339623
1820	1611.11320755
1820	904.462962963
1821	1421.94230769
1821	1247.0
1821	658.98
1822	1081.80769231
1822	167.730769231
1823	583.865384615
1823	110.93877551
1824	903.132075472
1824	66.1509433962
1825	1571.66153846
1825	661.483870968
1825	16.45
1825	914.035714286
1826	1326.2
1826	991.490196078
1826	182.787878788
1827	13.2788461538
1827	722.731707317
1827	236.804878049
1827	355.583333333
1827	1731.09090909
1828	291.9
1828	368.480769231
1828	145.421052632
1829	71.7184466019
1829	1037.23076923
1829	1068.5106383
1830	6.45512820513
1830	11.3269230769
1830	131.403846154
1831	84.2201257862
1831	14.8076923077
1831	161.490566038
1831	3082.0
1831	1278.21621622
1832	122.519230769
1832	71.7586206897
1833	826.0
1835	4810.28301887
1835	2691.2826087
1836	2.42038216561
1836	26.4150943396
1836	4097.21153846
1836	3851.21153846
1836	680.0
1837	239.867924528
1837	7.40384615385
1837	3334.17307692
1837	4800.38
1837	1738.28571429
1838	52.6837606838
1838	125.211538462
1838	7245.86206897
1838	108.0
1839	2.98089171975
1839	53.1923076923
1839	8.90384615385
1839	6394.96
1839	371.875
1839	324.843137255
1839	342.730769231
1840	3.72
1840	18.0731707317
1840	334.2
1840	567.85
1840	1127.45522388
1841	203.544871795
1841	1383.57692308
1841	627.075471698
1841	1871.74025974
1841	406.602564103
1841	24.4509803922
1842	10.475
1842	1.2101910828
1842	144.041666667
1842	7.3137254902
1842	24.7307692308
1842	509.153846154
1842	38.5
1842	166.566037736
1842	833.700636943
1842	499.807692308
1842	233.081632653
1842	156.368421053
1843	4.86
1843	246.961538462
1843	19.4230769231
1843	267.931034483
1843	379.25
1843	141.197916667
1843	51.4272727273
1843	270.019230769
1843	72.4615384615
1843	13.6559485531
1843	227.25
1843	429.085106383
1843	958.5
1843	305.208333333
1844	54.5084745763
1844	186.142857143
1844	24.0384615385
1844	537.022727273
1844	64.3636363636
1844	160.226415094
1844	67.2356687898
1844	621.134615385
1844	1074.09090909
1844	403.891089109
1844	2113.2
1844	524.294117647
1845	20.9529411765
1845	85.6463414634
1845	217.470588235
1845	13.9423076923
1845	135.611111111
1845	1061.3046875
1845	45.320754717
1845	133.1015625
1845	816.038461538
1845	384.657142857
1845	2559.78846154
1845	1209.38461538
1845	3116.08695652
1845	1537.4
1846	43.5806451613
1846	4.92307692308
1846	1851.0
1846	1054.09708738
1846	88.3846153846
1846	62.7362637363
1846	2004.65048544
1846	161.20754717
1846	1355.55
1846	187.815533981
1846	5683.34883721
1846	902.48
1846	2578.21666667
1846	281.98
1847	30.8365384615
1847	1.23076923077
1847	29.1384615385
1847	678.115384615
1847	2.14563106796
1847	1165.86538462
1847	264.076190476
1847	7292.88461538
1847	1323.40909091
1847	3224.44166667
1848	12.93
1848	26.5915492958
1848	3051.0
1848	70.7380191693
1848	1130.93
1848	339.567307692
1848	7431.59574468
1848	3309.81355932
1848	105.176470588
1848	930.938271605
1848	249.927272727
1848	1118.73469388
1848	1924.5
1849	110.990291262
1849	2325.0
1849	97.4807692308
1849	33.3653846154
1849	17.7435897436
1849	829.653846154
1849	117.894230769
1849	6718.92307692
1849	263.270833333
1849	117.166666667
1849	960.868421053
1849	1154.05188679
1849	262.538461538
1850	182.490384615
1850	49.308681672
1850	279.285714286
1850	1798.48076923
1850	280.6
1850	8837.01923077
1850	248.886792453
1850	298.305084746
1850	58.9244604317
1850	140.06122449
1850	3765.0
1851	129.230769231
1851	32.2371794872
1851	284.215686275
1851	2535.5
1851	1781.43809524
1851	8947.96153846
1851	63.8269230769
1851	68.05
1851	2952.5
1851	4.10402684564
1851	2385.33333333
1851	798.833333333
1852	417.529411765
1852	28.7412140575
1852	212.631067961
1852	1309.18446602
1852	9335.12
1852	117.527272727
1852	20.9840764331
1852	469.935064935
1853	15.0707395498
1853	1277.0
1853	536.914285714
1853	9078.81132075
1853	11.6932907348
1853	55.320754717
1853	1657.53846154
1854	132.826484018
1854	194.107843137
1854	8197.09803922
1854	221.636363636
1854	154.450980392
1854	1293.16
1854	45.7872340426
1855	1.63066202091
1855	3.0608974359
1855	33.4675324675
1855	378.0
1855	6733.15384615
1855	31.6470588235
1855	33.1320754717
1855	264.980830671
1856	1.33876221498
1856	301.54676259
1856	5340.51923077
1856	69.1276595745
1856	456.78021978
1856	75.0408163265
1856	947.653846154
1857	3.82178217822
1857	95.5986842105
1857	4180.57692308
1857	240.759259259
1857	33.4792332268
1857	121.393939394
1857	31.9444444444
1857	914.038461538
1858	1516.96688742
1858	57.5185185185
1858	44.7902439024
1858	906.538461538
1859	414.72972973
1859	722.561290323
1859	395.942307692
1859	52.8167539267
1859	1487.74074074
1860	411.357142857
1860	1239.80666667
1860	40.5
1860	4.56129032258
1860	1.55769230769
1860	3240.66666667
1860	266.416666667
1860	27.8360128617
1860	358.538461538
1860	14.8740740741
1860	16.8125
1860	3046.0
1861	161.464052288
1861	153.807692308
1861	1.86173633441
1861	32.3290734824
1861	3979.08
1861	751.4375
1861	33.0576923077
1861	240.826923077
1861	3941.05882353
1861	403.333333333
1861	33.1739130435
1862	5.36741214058
1862	1.62057877814
1862	3311.86538462
1862	43.5723472669
1862	1.6862745098
1862	4372.01010101
1863	35.9090909091
1863	0.807692307692
1863	111.961538462
1863	189.442307692
1863	3992.25
1863	9.46153846154
1863	3.96153846154
1864	67.55
1864	39.3451612903
1864	4.42675159236
1864	74.0828025478
1864	1.42948717949
1864	31.372611465
1864	3268.28571429
1864	36.501607717
1864	0.212903225806
1864	442.857142857
1864	8.25
1864	4432.96153846
1864	5.04895104895
1864	15.6153846154
1864	8019.92307692
1865	278.873786408
1865	44.1229773463
1865	65.2614379085
1865	21.8289473684
1865	2869.0
1865	145.268292683
1865	28.2884615385
1865	3777.70588235
1865	5272.21428571
1866	248.349514563
1866	493.746753247
1866	26.1730769231
1866	1925.81818182
1866	162.12
1866	141.921568627
1866	5246.52
1866	6584.16666667
1866	234.4375
1867	66.8516129032
1867	71.5576923077
1867	9.80830670927
1867	2074.41666667
1867	80.125
1867	4281.57692308
1867	7601.77777778
1867	132.365384615
1867	477.9
1867	326.5
1867	6509.81818182
1868	21.619047619
1868	29.6612903226
1868	56.9554140127
1868	0.546623794212
1868	1892.23076923
1868	5.01006711409
1868	4186.67307692
1868	1784.0
1868	80.6666666667
1868	2158.09615385
1868	3870.85714286
1869	26.1935483871
1869	1.35897435897
1869	0.610223642173
1869	2789.09868421
1869	22.2958199357
1869	2077.61538462
1869	542.673076923
1869	4106.45098039
1869	0.201923076923
1869	8396.0
1869	6727.22
1869	8438.66666667
1869	484.2
1870	1333.36057692
1870	27.2564102564
1870	3.00961538462
1870	1123.64705882
1870	43.5096153846
1870	2203.84615385
1870	100.247619048
1870	465.038461538
1870	4204.10909091
1870	111.094339623
1870	321.019230769
1870	3206.24074074
1870	6115.0
1870	21.6730769231
1871	1.91666666667
1871	1.45833333333
1871	966.647435897
1871	0.875
1871	2356.23076923
1871	81.9615384615
1871	3783.01886792
1871	13.6153846154
1871	155.811320755
1871	14.68
1871	6746.0
1871	2.94117647059
1872	1025.29299363
1872	0.105431309904
1872	318.0
1872	2428.0
1872	25.2715654952
1872	4156.94117647
1872	13.0188679245
1872	24.4230769231
1872	536.0
1872	45.6214285714
1873	9.0607028754
1873	1.35483870968
1873	1136.66666667
1873	64.1853035144
1873	2693.23076923
1873	201.413461538
1873	3671.25490196
1873	12.9423076923
1873	9086.0
1873	5451.83333333
1873	8.0
1874	713.884615385
1874	0.171617161716
1874	3487.66666667
1874	5.68888888889
1874	16.1886792453
1874	3910.5
1874	43.9514563107
1874	664.0
1874	3.0
1874	20.1219512195
1874	331.951219512
1875	147.673076923
1875	10.4375
1875	2112.69230769
1875	276.948275862
1875	13.3782051282
1875	629.4
1875	1.78378378378
1875	3.49
1875	20.0
1875	4.0
1875	1133.09615385
1875	12.31
1876	1.29936305732
1876	41.7070063694
1876	1862.61538462
1876	1889.50943396
1876	91.6111111111
1876	10.0
1876	1103.41509434
1876	27.5
1876	176.5
1877	133.670967742
1877	6.67845659164
1877	56.6858974359
1877	2228.61538462
1877	13.137254902
1877	52.6057692308
1877	1800.36538462
1877	8.0
1877	782.959183673
1877	45.1971830986
1877	641.769230769
1877	24.0
1878	55.7521367521
1878	1.04487179487
1878	1.63897763578
1878	853.615384615
1878	20.0095238095
1878	1941.125
1878	7.79591836735
1878	3628.36633663
1878	4.0
1878	1931.55769231
1878	2594.76923077
1878	16.0
1879	0.28064516129
1879	666.0
1879	1878.5
1879	154.524752475
1879	5699.0
1879	1579.0
1879	2839.64356436
1879	2558.03846154
1879	13.5
1879	372.650485437
1879	118.5
1880	106.096153846
1880	1014.92307692
1880	32.3152866242
1880	91.572815534
1880	4906.5
1880	1421.0
1880	1637.40384615
1880	5635.94444444
1880	2693.61538462
1880	14.0
1880	503.164948454
1880	2.2380952381
1880	5927.08695652
1881	0.392282958199
1881	141.233576642
1881	598.307692308
1881	109.625
1881	0.0190476190476
1881	1872.5
1881	0.981132075472
1881	1023.0
1881	1314.33962264
1881	2684.60377358
1881	14123.0
1881	212.28125
1881	4706.41904762
1882	118.533898305
1882	1856.8
1882	43.8461538462
1882	2006.5
1882	609.358974359
1882	2839.0
1882	1372.51923077
1882	2703.37254902
1882	276.0
1882	47.52
1882	12.5555555556
1882	1480.36190476
1882	14.4615384615
1883	140.858156028
1883	14.9285714286
1883	37.7941176471
1883	2618.0
1883	1170.78571429
1883	4598.0
1883	7.76470588235
1883	2298.69230769
1883	2706.66666667
1883	505.0
1883	3.09900990099
1883	3513.61538462
1883	271.942307692
1883	1601.84615385
1884	79.5714285714
1884	4.81578947368
1884	2459.5
1884	3263.14666667
1884	1770.0
1884	80.14
1884	1695.48076923
1884	16.1024734982
1884	2946.23076923
1884	308.0
1884	4609.2815534
1884	62.6785714286
1884	39.7058823529
1884	8.51546391753
1884	1284.8
1884	154.882352941
1884	958.461538462
1884	2056.0
1885	340.346153846
1885	6.17857142857
1885	14.3571428571
1885	2.32894736842
1885	2149.5
1885	3203.0
1885	976.442307692
1885	11.8184931507
1885	3192.43137255
1885	9.0
1885	19.1129032258
1885	4275.11538462
1885	171.555555556
1885	0.950495049505
1885	1.1
1885	240.942307692
1885	25.0
1885	2530.58333333
1885	656.571428571
1885	22.3076923077
1886	465.099358974
1886	852.118971061
1886	26.0766773163
1886	139.326923077
1886	21.2117263844
1886	137.251748252
1886	634.416666667
1886	114.653846154
1886	1239.34304207
1886	2053.70873786
1886	1.97756410256
1886	2418.63636364
1886	8.46601941748
1886	590.385714286
1886	1813.86956522
1886	3015.41666667
1886	913.5
1886	887.25
1886	5.75
1886	31.2444444444
1886	5806.30434783
1886	261.607843137
1886	0.521582733813
1886	680.873786408
1886	1642.14925373
1886	18.0580645161
1886	5026.04807692
1886	211.70212766
1886	213.134615385
1886	657.147058824
1886	138.52173913
1886	147.538461538
1886	472.809210526
1886	21.6590909091
1887	0.303225806452
1887	11.7792207792
1887	14.5100671141
1887	361.166666667
1887	2467.5
1887	730.867924528
1887	1102.51219512
1887	1914.5
1887	2466.0
1887	1066.58490566
1887	74.8235294118
1887	4.0
1887	6.14423076923
1887	397.673469388
1887	43.0404040404
1887	1.22875816993
1887	11.9385113269
1887	1097.79047619
1887	303.52173913
1887	19.4230769231
1887	24.2075471698
1887	2745.95918367
1887	23.8695652174
1888	220.583333333
1888	0.193548387097
1888	1903.5
1888	40.7254901961
1888	340.590909091
1888	1945.71428571
1888	2261.0
1888	1717.86538462
1888	5.0
1888	135.052631579
1888	37.8910891089
1888	18.5384615385
1888	2939.15686275
1888	28.44
1888	422.0
1888	1601.33333333
1888	2797.20833333
1889	1.69774919614
1889	227.96969697
1889	2484.33333333
1889	830.916666667
1889	2298.0
1889	1761.0
1889	1125.53846154
1889	24.0
1889	5937.0
1889	156.0
1889	230.971153846
1889	14.4230769231
1889	131.428571429
1889	2004.40384615
1889	145.361111111
1889	109.625
1889	3387.26923077
1889	138.0
1889	10.3225806452
1890	9.46710526316
1890	16.2251655629
1890	144.003246753
1890	1012.26923077
1890	3066.0
1890	2534.83333333
1890	247.038461538
1890	82.932038835
1890	17.6538461538
1890	0.782178217822
1890	31.0873786408
1890	1925.70588235
1890	187.916666667
1890	569.0
1890	3291.64705882
1890	35.3961038961
1890	204.4
1890	2.04545454545
1890	3416.42857143
1890	13.0
1890	5028.57142857
1890	1604.2962963
1891	17.7749196141
1891	9.93770491803
1891	473.576923077
1891	0.00970873786408
1891	15370.3333333
1891	270.46875
1891	2580.5
1891	83.3220338983
1891	434.163461538
1891	246.358490566
1891	2275.92307692
1891	7.0
1891	2789.28846154
1891	102.078175896
1891	2647.74074074
1891	137.166666667
1891	4661.82
1891	40.2782608696
1891	347.425925926
1891	683.804878049
1891	8.0
1891	5412.0
1892	30.9455128205
1892	3.23701298701
1892	35.0625
1892	3694.0
1892	510.355769231
1892	3789.0
1892	15.1890034364
1892	1700.25242718
1892	152.849056604
1892	8.35922330097
1892	199.188679245
1892	2844.71698113
1892	48.6666666667
1892	792.5
1892	2539.90740741
1892	59.4627831715
1892	2807.36956522
1892	168.833333333
1892	7789.88461538
1892	253.780645161
1892	399.75
1892	4952.60377358
1892	4615.34693878
1893	862.762820513
1893	0.0416666666667
1893	6.22875816993
1893	1.84193548387
1893	79.0588235294
1893	40.8834951456
1893	2946.0
1893	5060.4375
1893	25.1840277778
1893	5.06796116505
1893	1707.21359223
1893	7.78
1893	496.884615385
1893	2476.53846154
1893	6.19230769231
1893	61.6666666667
1893	257.469387755
1893	2607.56862745
1893	926.883116883
1893	2827.30769231
1893	2921.4
1893	581.2
1893	4281.23529412
1893	4908.84615385
1893	2867.53846154
1894	886.47266881
1894	5.64379084967
1894	104.0
1894	3487.0
1894	305.727272727
1894	4575.7
1894	122.052631579
1894	1848.52884615
1894	22.56
1894	2094.9009901
1894	274.215231788
1894	2484.76923077
1894	45.1818181818
1894	2435.92307692
1894	125.222222222
1894	10.0
1894	57.8333333333
1894	334.6
1894	2613.90384615
1894	1510.85901639
1894	0.466019417476
1894	2585.42307692
1894	3838.48
1894	871.5
1894	4999.25
1894	721.019230769
1894	596.5
1894	62.8811881188
1894	1343.5
1895	878.321543408
1895	20.6816720257
1895	145.081433225
1895	5770.09615385
1895	110.333333333
1895	97.5
1895	48.3896103896
1895	1888.11538462
1895	1740.50980392
1895	397.812
1895	1327.5
1895	2.54901960784
1895	54.3265306122
1895	53.86
1895	61.8333333333
1895	6.22448979592
1895	2533.86538462
1895	2903.71009772
1895	2796.13461538
1895	5095.70588235
1895	68.7142857143
1895	94.4716981132
1895	154.166666667
1895	4621.5
1896	784.109677419
1896	11.5608974359
1896	599.123778502
1896	6405.53846154
1896	56.1346153846
1896	149.739726027
1896	5.90812720848
1896	51.3311688312
1896	1877.96190476
1896	1629.1980198
1896	107.797342193
1896	557.25
1896	55.2745098039
1896	354.134615385
1896	347.607843137
1896	23.5833333333
1896	72.8653846154
1896	2630.19230769
1896	2352.75649351
1896	628.673076923
1896	4683.33333333
1896	497.727272727
1897	804.964516129
1897	11.6077170418
1897	266.894389439
1897	6447.48076923
1897	10.5094339623
1897	26.7227722772
1897	21.4653465347
1897	56.58
1897	35.8947368421
1897	75.5192307692
1897	27.854368932
1897	1846.30769231
1897	1766.3627451
1897	82.76
1897	534.0
1897	183.0
1897	2650.67307692
1897	1247.11979167
1897	51.4230769231
1897	2388.98039216
1897	588.251968504
1897	878.0
1897	80.2222222222
1897	495.12
1898	0.612179487179
1898	779.477419355
1898	15.2958199357
1898	5714.88461538
1898	22.5769230769
1898	56.7254901961
1898	1695.0
1898	7.5145631068
1898	23.3612903226
1898	3.27450980392
1898	1770.0974026
1898	1511.20792079
1898	486.475247525
1898	136.418060201
1898	14.0980392157
1898	39.1666666667
1898	2665.5
1898	2184.0
1898	28.2452830189
1898	1139.125
1898	8.8
1898	298.1875
1898	11.3461538462
1898	950.227272727
1898	768.882352941
1899	782.184466019
1899	150.146179402
1899	6160.19230769
1899	516.45631068
1899	506.761904762
1899	17.0192307692
1899	21.3448275862
1899	91.0970873786
1899	113.699346405
1899	60.1764705882
1899	1715.30967742
1899	1446.93069307
1899	157.782178218
1899	1272.67241379
1899	830.2
1899	48.5833333333
1899	79.3921568627
1899	2655.98076923
1899	188.0
1899	8.32692307692
1899	4493.82352941
1899	0.909090909091
1899	7.88888888889
1899	7.7191011236
1899	631.436090226
1899	2580.09433962
1899	272.280991736
1899	26.7272727273
1899	1578.46153846
1900	59.6163934426
1900	5929.17307692
1900	1330.82524272
1900	9.02243589744
1900	1.90099009901
1900	69.77734375
1900	136.852941176
1900	35.2565789474
1900	1741.1483871
1900	1269.84615385
1900	1.18
1900	1051.0
1900	145.537037037
1900	960.0
1900	43.25
1900	621.666666667
1900	9.90384615385
1900	4786.35294118
1900	87.7663551402
1900	0.42
1900	3224.91666667
1900	10.6078431373
1900	516.974110032
1900	26.0
1900	2222.73469388
1900	777.0
1900	540.0
1901	54.045751634
1901	6272.65384615
1901	1677.3960396
1901	32.0693069307
1901	9.24584717608
1901	95.213592233
1901	75.9019607843
1901	1693.11612903
1901	2.17307692308
1901	1081.05940594
1901	3.52941176471
1901	742.155172414
1901	47.84
1901	19.68
1901	3.70588235294
1901	725.97704918
1901	32.0
1901	7.46153846154
1901	4245.44897959
1901	219.423076923
1901	96.9545454545
1901	1.43396226415
1901	4453.57142857
1901	314.122977346
1901	1150.5
1902	176.335548173
1902	1736.30769231
1902	238.40776699
1902	7.51923076923
1902	1659.94805195
1902	1048.18181818
1902	2788.86970684
1902	572.274509804
1902	6.10416666667
1902	976.333333333
1902	55.0
1902	997.480769231
1902	831.866449511
1902	12.3173076923
1902	36.25
1902	3935.37254902
1902	143.557692308
1902	206.158878505
1902	396.961538462
1902	16.3516129032
1902	1834.0
1902	5053.225
1902	924.833333333
1903	1328.50159744
1903	43.4478114478
1903	1928.30097087
1903	5.67628205128
1903	90.75
1903	6.69230769231
1903	10.2307692308
1903	1667.34693878
1903	1189.30693069
1903	5395.12323944
1903	1135.25
1903	6.08333333333
1903	0.30612244898
1903	653.0
1903	1369.62745098
1903	31.8461538462
1903	3432.90196078
1903	37.6530612245
1903	2435.46153846
1903	225.038834951
1903	1.76923076923
1903	184.134615385
1903	31.264516129
1903	6495.44230769
1903	326.156862745
1903	258.863636364
1904	1167.33121019
1904	4.04487179487
1904	58.3733333333
1904	1979.81132075
1904	1990.77884615
1904	12.1509433962
1904	25.1824324324
1904	1687.16447368
1904	1234.08823529
1904	4651.02298851
1904	1503.2962963
1904	730.2
1904	1483.84615385
1904	2157.95744681
1904	14.1320754717
1904	3100.06
1904	4.17628205128
1904	2467.11320755
1904	170.166666667
1904	72.1764705882
1904	183.660377358
1904	10.2516129032
1904	922.0
1904	88.431372549
1904	5308.13461538
1904	769.038461538
1904	4.49514563107
1905	1151.75
1905	3237.76923077
1905	1073.27184466
1905	1.98076923077
1905	20.6745762712
1905	76.5947712418
1905	1694.47972973
1905	1332.91089109
1905	3793.0
1905	158.5
1905	1213.11764706
1905	654.0
1905	1240.6
1905	1409.01633987
1905	34.0576923077
1905	4240.78431373
1905	7.80392156863
1905	1411.36538462
1905	1.42718446602
1905	177.480769231
1905	12.9315960912
1905	6216.66037736
1905	10.2745098039
1906	1117.18530351
1906	3335.74509804
1906	1506.84466019
1906	52.0160771704
1906	851.490196078
1906	0.0546623794212
1906	1682.21192053
1906	2.21568627451
1906	1117.72277228
1906	1753.075
1906	836.711538462
1906	463.784313725
1906	1.42857142857
1906	407.0
1906	133.346153846
1906	425.254901961
1906	853.588815789
1906	2635.0
1906	24.7692307692
1906	3786.36734694
1906	1.84838709677
1906	1541.15686275
1906	1.39158576052
1906	179.692307692
1906	4.02588996764
1906	971.0
1906	898.0
1906	6506.60714286
1906	194.584158416
1906	369.0
1907	1154.1629393
1907	3304.83673469
1907	1880.05825243
1907	2.69230769231
1907	819.844155844
1907	1897.67361111
1907	1120.24509804
1907	9.70588235294
1907	1910.57894737
1907	891.634615385
1907	86.0
1907	0.297872340426
1907	50.84375
1907	86.5490196078
1907	580.078431373
1907	42.8461538462
1907	3637.58
1907	20.0516129032
1907	157.807692308
1907	1541.92307692
1907	23.5612244898
1907	1341.75471698
1907	2.06796116505
1907	181.615384615
1907	1043.0
1907	6289.33333333
1907	770.973684211
1908	1205.38977636
1908	2196.28431373
1908	26.9870550162
1908	1.37254901961
1908	1.96655518395
1908	378.204081633
1908	486.051948052
1908	2180.14473684
1908	1961.91919192
1908	1010.39325843
1908	1253.90196078
1908	46.7115384615
1908	17.2
1908	473.545454545
1908	43.62
1908	3281.1875
1908	197.538961039
1908	1419.64705882
1908	368.885416667
1908	2119.05769231
1908	255.496753247
1908	27.7058823529
1908	1610.35947712
1909	1158.38019169
1909	0.443729903537
1909	2930.00970874
1909	485.470588235
1909	781.875816993
1909	1900.85064935
1909	2325.85148515
1909	1232.9468599
1909	1736.76923077
1909	17.137254902
1909	82.6226415094
1909	17.3235294118
1909	26.6078431373
1909	1503.07446809
1909	16.6180555556
1909	42.4807692308
1909	3313.74509804
1909	483.1875
1909	1266.34615385
1909	838.784313725
1909	2425.76923077
1909	1.98058252427
1909	749.241935484
1909	926.0
1909	10.268370607
1909	1291.20915033
1909	170.725490196
1909	56.4545454545
1910	1184.51118211
1910	2773.13461538
1910	2.32051282051
1910	0.283018867925
1910	3768.74358974
1910	42.0068493151
1910	2351.96103896
1910	1991.50649351
1910	1168.58415842
1910	1488.64317181
1910	1220.86792453
1910	14.4038461538
1910	122.960784314
1910	31.5384615385
1910	8.31067961165
1910	23.1176470588
1910	1274.42532468
1910	71.8333333333
1910	3364.48
1910	1052.64724919
1910	5.21568627451
1910	898.076923077
1910	2240.2745098
1910	1.01941747573
1910	423.393548387
1910	1076.33333333
1910	4990.88888889
1910	97.9811320755
1910	124.528301887
1910	1719.73856209
1910	26.4615384615
1910	37.5928338762
1910	3556.5
1911	1134.78525641
1911	0.593548387097
1911	2670.78640777
1911	2746.71428571
1911	5109.62091503
1911	2043.89473684
1911	887.03960396
1911	477.694736842
1911	1162.06
1911	21.9459459459
1911	0.244897959184
1911	82.7254901961
1911	0.0192307692308
1911	973.0
1911	1119.32899023
1911	1.59615384615
1911	3321.18367347
1911	1304.22222222
1911	183.096153846
1911	220.549019608
1911	859.191919192
1911	2308.30769231
1911	0.864077669903
1911	578.093851133
1911	1020.0
1911	68.1111111111
1911	7322.13207547
1911	701.538461538
1911	1777.32894737
1911	182.315789474
1911	1984.10416667
1911	567.3125
1912	1185.62101911
1912	0.282051282051
1912	3.29487179487
1912	3527.9223301
1912	7.55948553055
1912	0.326923076923
1912	1263.2987013
1912	4499.50980392
1912	23.464516129
1912	1963.81818182
1912	888.382352941
1912	1090.84269663
1912	1636.25490196
1912	0.244897959184
1912	362.634615385
1912	58.8846153846
1912	769.803921569
1912	1107.24350649
1912	179.477419355
1912	16.7450980392
1912	3673.40816327
1912	1113.51125402
1912	49.6078431373
1912	525.737864078
1912	2563.47169811
1912	1647.88
1912	144.826923077
1912	7625.32258065
1912	1038.78
1912	1760.05333333
1912	34.6875
1912	137.0
1912	2580.21428571
1912	1037.54901961
1913	1043.87859425
1913	3376.89320388
1913	3019.24358974
1913	2959.0
1913	24.2119205298
1913	1959.15789474
1913	301.568627451
1913	2023.35099338
1913	926.12
1913	632.461538462
1913	1777.98039216
1913	883.725490196
1913	50.8269230769
1913	232.44
1913	6.43689320388
1913	700.807692308
1913	1465.75895765
1913	593.194805195
1913	17.6875
1913	3849.36363636
1913	865.644012945
1913	71.7692307692
1913	2283.59615385
1913	4.06730769231
1913	1917.64
1913	1051.0
1913	290.215686275
1913	6106.69565217
1913	887.0625
1913	1564.98675497
1913	8.38283828383
1913	16.5
1913	202.254901961
1914	1077.91373802
1914	0.16077170418
1914	2762.57843137
1914	2678.48701299
1914	2920.0
1914	13.0986842105
1914	600.428571429
1914	1248.74509804
1914	1909.35947712
1914	1012.06
1914	229.3125
1914	1797.66666667
1914	0.12
1914	920.31372549
1914	25.7254901961
1914	2039.5974026
1914	22.6996805112
1914	10.4528301887
1914	1275.23376623
1914	7.1568627451
1914	587.37254902
1914	2669.26923077
1914	2409.75
1914	11.7220447284
1914	7743.0
1914	1282.28
1914	1451.75657895
1914	10.8651315789
1914	0.326923076923
1914	3149.5
1914	3897.33333333
1914	4644.0
1914	339.473684211
1914	2875.94230769
1914	356.211538462
1914	276.12
1914	2.54545454545
1914	5.74074074074
1915	1097.6485623
1915	192.568627451
1915	3475.08823529
1915	3539.18181818
1915	4038.0
1915	0.535483870968
1915	1095.81578947
1915	1286.50980392
1915	1767.59090909
1915	435.96
1915	801.12745098
1915	1010.5125
1915	2084.94
1915	0.68
1915	1029.92307692
1915	0.0925925925926
1915	42.2745098039
1915	2904.90304709
1915	5.54313099042
1915	1.57894736842
1915	10.7843137255
1915	1782.00647249
1915	134.196078431
1915	1600.17647059
1915	2743.15384615
1915	3658.28846154
1915	12.3529411765
1915	0.287539936102
1915	7642.25
1915	1746.37735849
1915	1511.74342105
1915	0.0459016393443
1915	2.23529411765
1915	0.701298701299
1915	2782.40384615
1915	4086.55172414
1915	4209.0
1915	548.82781457
1915	91.5769230769
1915	2979.29411765
1915	469.510204082
1915	453.3
1915	14.6078431373
1915	21.4752475248
1916	1073.63258786
1916	293.725490196
1916	3021.70588235
1916	2899.40789474
1916	114.826923077
1916	1091.96753247
1916	208.254901961
1916	1859.76623377
1916	2013.80392157
1916	776.336633663
1916	1043.87628866
1916	792.517241379
1916	2661.71428571
1916	118.882352941
1916	961.1
1916	0.320754716981
1916	11.1666666667
1916	18.0980392157
1916	2122.98060942
1916	258.076923077
1916	1118.09150327
1916	1587.01960784
1916	917.5
1916	2520.9375
1916	3811.83629893
1916	988.0
1916	2716.98039216
1916	824.450980392
1916	2056.1038961
1916	5.03754266212
1916	16.6274509804
1916	1026.47058824
1916	4485.52830189
1916	5086.625
1916	4819.25
1916	186.248322148
1916	478.573913043
1916	3213.8
1916	482.58
1916	77.3725490196
1916	233.326086957
1916	2386.0
1917	1187.84615385
1917	106.235294118
1917	60.6652360515
1917	3233.32038835
1917	0.442307692308
1917	3024.44516129
1917	1.14126394052
1917	1030.66013072
1917	1834.74509804
1917	2037.35294118
1917	901.425742574
1917	1615.14705882
1917	2129.30215827
1917	2949.05882353
1917	106.725490196
1917	418.764705882
1917	0.0961538461538
1917	10.9411764706
1917	2214.025
1917	944.384615385
1917	1189.17207792
1917	1711.98039216
1917	2.33
1917	4114.40892193
1917	3744.76470588
1917	9393.0
1917	873.823529412
1917	2277.13636364
1917	27.84
1917	0.513071895425
1917	62.2903225806
1917	1323.84313725
1917	4761.36538462
1917	3745.0
1917	1391.0
1917	248.139072848
1917	3499.17647059
1917	283.75
1917	183.24
1917	2805.30188679
1918	1151.47435897
1918	3368.01923077
1918	2524.57894737
1918	4457.61437908
1918	1158.76623377
1918	1605.88961039
1918	1533.03921569
1918	638.539215686
1918	1112.62376238
1918	1304.3592233
1918	2957.03921569
1918	53.3137254902
1918	106.745098039
1918	6.80769230769
1918	22.8431372549
1918	1808.63636364
1918	933.923076923
1918	1538.79288026
1918	1657.66666667
1918	3852.9390681
1918	3956.12244898
1918	7914.46938776
1918	1704.82352941
1918	2125.53333333
1918	0.474747474747
1918	1.18867924528
1918	1.70833333333
1918	1548.16
1918	5005.17307692
1918	4903.375
1918	277.273333333
1918	3362.98039216
1918	269.31372549
1918	6.13131313131
1918	249.882352941
1918	2480.86538462
1919	1209.8681672
1919	63.28
1919	0.0193548387097
1919	3071.92156863
1919	2679.89108911
1919	3461.58333333
1919	350.269230769
1919	0.593625498008
1919	2568.58441558
1919	1585.15789474
1919	1365.33333333
1919	752.712871287
1919	42.2673267327
1919	1068.0
1919	2498.64705882
1919	1.90384615385
1919	38.3921568627
1919	5597.86363636
1919	1149.53846154
1919	1690.35179153
1919	555.0
1919	59.1868131868
1919	1.95145631068
1919	2592.76923077
1919	9679.07407407
1919	1674.44230769
1919	1841.04605263
1919	9.52577319588
1919	532.450980392
1919	2602.61111111
1919	910.692307692
1919	5030.25
1919	51.8712871287
1919	91.8653846154
1919	2370.1372549
1919	4134.85223368
1919	829.0
1920	1191.96485623
1920	2546.35294118
1920	2269.11650485
1920	2227.98039216
1920	1094.20833333
1920	774.243421053
1920	1635.26973684
1920	1319.69230769
1920	506.544554455
1920	1591.13636364
1920	2589.17948718
1920	25.0392156863
1920	20.7884615385
1920	4337.81560284
1920	1221.01886792
1920	1148.82142857
1920	379.5
1920	27.5252525253
1920	117.0
1920	1687.15686275
1920	959.283018868
1920	29.75
1920	1760.29220779
1920	317.470588235
1920	1621.40384615
1920	183.529411765
1920	5553.65384615
1920	103.353535354
1920	4.62745098039
1920	2234.17647059
1920	4409.8185654
1920	972.461538462
1920	2699.62962963
1921	1193.1474359
1921	3012.99009901
1921	759.544554455
1921	381.875
1921	869.162962963
1921	899.779220779
1921	1626.92105263
1921	664.715686275
1921	2390.92792793
1921	3002.7254902
1921	29.7647058824
1921	3.56862745098
1921	4102.30449827
1921	1217.51923077
1921	1408.51456311
1921	1123.26
1921	8672.16129032
1921	788.0
1921	2139.17307692
1921	3.07692307692
1921	1809.96078431
1921	9.29411764706
1921	5084.86792453
1921	65.9183673469
1921	2244.59615385
1921	3638.41196013
1921	4641.0
1921	2537.66666667
1921	2582.66964286
1921	4432.07894737
1922	1176.06430868
1922	170.117647059
1922	3086.50980392
1922	1215.11
1922	617.0
1922	691.524752475
1922	158.0
1922	1585.62666667
1922	717.900990099
1922	1709.76923077
1922	2986.62
1922	5.21568627451
1922	3.23529411765
1922	4480.69579288
1922	1032.07692308
1922	1398.85826772
1922	22.31
1922	1668.80392157
1922	8782.41025641
1922	1521.04
1922	2750.31168831
1922	1.00323624595
1922	4312.88461538
1922	121.953488372
1922	2325.32692308
1922	3661.46416382
1922	2858.0
1922	2496.26804124
1922	3466.93478261
1923	1134.3974359
1923	340.058823529
1923	3607.68627451
1923	1010.61290323
1923	212.0
1923	514.603960396
1923	398.163398693
1923	1520.55629139
1923	699.534653465
1923	1385.40909091
1923	23.2941176471
1923	0.0566037735849
1923	4772.03908795
1923	922.711538462
1923	31.9108910891
1923	1321.74
1923	2371.06666667
1923	2927.69536424
1923	19.4415584416
1923	4425.21153846
1923	474.737373737
1923	2341.82692308
1923	3937.75728155
1923	1986.77
1923	2535.7173913
1923	3648.65384615
1923	3073.61538462
1923	1741.86538462
1923	50.4615384615
1923	1015.27777778
1924	1164.84345048
1924	367.333333333
1924	3635.65048544
1924	1826.37931034
1924	602.111111111
1924	677.782178218
1924	457.175182482
1924	1573.62337662
1924	786.772277228
1924	1777.05940594
1924	22.1923076923
1924	1.36538461538
1924	4884.08794788
1924	940.115384615
1924	592.227722772
1924	2.19607843137
1924	1196.65384615
1924	7120.9047619
1924	3137.33333333
1924	25.9215686275
1924	2605.13071895
1924	126.25
1924	5080.98076923
1924	138.37
1924	2517.05660377
1924	3898.40836013
1924	1493.36734694
1924	2640.6627907
1924	2743.58490566
1924	1974.2
1924	20.04
1924	1248.0
1924	657.0
1925	1142.17948718
1925	6.51125401929
1925	62.25
1925	3201.61764706
1925	308.415841584
1925	257.705882353
1925	39.2156862745
1925	1733.94117647
1925	1596.2970297
1925	2009.72
1925	9.21568627451
1925	3.90740740741
1925	4941.10679612
1925	942.132075472
1925	1035.98039216
1925	7291.6
1925	2297.19078947
1925	1117.37254902
1925	4421.61538462
1925	72.5252525253
1925	2535.01923077
1925	3725.02580645
1925	2596.84375
1925	1942.57894737
1925	2280.33333333
1925	49.7884615385
1925	2038.4
1925	24.7959183673
1925	1170.28571429
1925	1511.41666667
1925	899.155555556
1925	775.333333333
1926	1163.13461538
1926	18.8906752412
1926	3588.39849624
1926	691.78
1926	11.2861736334
1926	286.0
1926	148.065359477
1926	253.112540193
1926	1869.78145695
1926	3113.66336634
1926	3684.5
1926	4.98
1926	10.679245283
1926	4678.23728814
1926	1019.44230769
1926	10.0693069307
1926	1204.33333333
1926	6611.57142857
1926	2774.2875817
1926	577.745098039
1926	4628.28846154
1926	162.640776699
1926	2716.90196078
1926	3754.41100324
1926	2982.52941176
1926	1747.71910112
1926	2182.15686275
1926	1810.92156863
1926	41.8235294118
1926	1508.85416667
1926	2183.25
1926	677.44
1926	725.666666667
1926	4486.0
1927	1184.13782051
1927	4572.78571429
1927	532.574257426
1927	3.52830188679
1927	1336.58536585
1927	9.51298701299
1927	174.293548387
1927	260.764705882
1927	26.5647840532
1927	1906.53289474
1927	3531.51485149
1927	5523.0
1927	54.8431372549
1927	10.88
1927	904.34
1927	4898.41176471
1927	1031.40384615
1927	560.0
1927	1226.74509804
1927	6492.25
1927	2545.24836601
1927	10.4019607843
1927	4240.94339623
1927	2718.5
1927	3533.77491961
1927	2331.82352941
1927	1737.46938776
1927	1754.1509434
1927	2294.25
1927	40.52
1927	1666.0
1927	675.333333333
1927	4175.96511628
1927	976.271186441
1928	1191.38461538
1928	3.85852090032
1928	5290.61688312
1928	174.515151515
1928	0.705882352941
1928	1057.29801325
1928	19.1221864952
1928	628.923076923
1928	2326.69281046
1928	3622.24509804
1928	4583.0
1928	90.1764705882
1928	938.722772277
1928	5264.11726384
1928	1139.90384615
1928	2900.8807947
1928	1790.2
1928	6604.0
1928	33.7307692308
1928	2431.11038961
1928	0.839344262295
1928	2.46774193548
1928	1436.82352941
1928	4209.0
1928	2725.34615385
1928	3661.02572347
1928	2543.50980392
1928	1961.00990099
1928	1938.73076923
1928	2087.23076923
1928	41.08
1928	2333.15686275
1928	4239.58865248
1928	971.545454545
1928	954.0
1929	1240.03525641
1929	7.50803858521
1929	1267.92156863
1929	5065.03289474
1929	248.396039604
1929	47.7884615385
1929	1409.0
1929	37.9131832797
1929	334.470588235
1929	2071.79738562
1929	2925.27722772
1929	975.408163265
1929	507.204081633
1929	4884.3713355
1929	1260.34615385
1929	2937.49350649
1929	1620.11764706
1929	23.9607843137
1929	2095.05882353
1929	3971.86538462
1929	2630.98113208
1929	3492.83279743
1929	2429.96
1929	1867.14705882
1929	2008.0
1929	2043.78846154
1929	33.1960784314
1929	2291.32
1929	4496.92580645
1929	942.731707317
1929	1802.38461538
1929	254.519230769
1929	3154.10526316
1930	1249.1025641
1930	5.80064308682
1930	1738.15686275
1930	4618.05844156
1930	345.901960784
1930	1.77358490566
1930	148.333333333
1930	30.4160305344
1930	707.594771242
1930	80.7717041801
1930	2174.44230769
1930	3275.82894737
1930	3054.62376238
1930	6437.0
1930	1095.33333333
1930	528.666666667
1930	5152.27687296
1930	1401.50943396
1930	2665.03623188
1930	1927.78846154
1930	5920.02631579
1930	2.38461538462
1930	2623.9
1930	61.6538461538
1930	2018.54901961
1930	4288.32692308
1930	2585.92156863
1930	3346.40127389
1930	2294.1
1930	2057.99009901
1930	1871.13461538
1930	1766.86842105
1930	1760.68627451
1930	33.431372549
1930	1918.30612245
1930	4293.91935484
1930	1105.0990099
1930	1442.76470588
1930	463.429032258
1930	3293.3976834
1931	1269.29487179
1931	1.2
1931	2339.23076923
1931	4267.61038961
1931	563.306930693
1931	5.56603773585
1931	388.75
1931	199.636363636
1931	316.393548387
1931	3223.74
1931	2921.19078947
1931	3569.85294118
1931	891.692307692
1931	2.05555555556
1931	527.821782178
1931	726.84
1931	4899.07166124
1931	1691.76923077
1931	986.320754717
1931	2218.24509804
1931	606.0
1931	1990.33333333
1931	6079.17307692
1931	2005.0
1931	1.36538461538
1931	2557.57142857
1931	1674.38
1931	4879.92307692
1931	2675.40384615
1931	3153.98392283
1931	2234.31372549
1931	2247.67647059
1931	1909.11538462
1931	2138.41176471
1931	1800.73076923
1931	36.8222222222
1931	1880.7755102
1931	4247.74516129
1931	1245.01960784
1931	1628.73469388
1931	426.931818182
1931	3398.82692308
1932	1264.88535032
1932	533.519230769
1932	1874.25490196
1932	4293.66013072
1932	1125.17647059
1932	7.55769230769
1932	2093.25
1932	184.758064516
1932	248.766233766
1932	512.201923077
1932	3842.74509804
1932	2868.25
1932	2404.73
1932	1508.7254902
1932	671.564356436
1932	1071.33333333
1932	4558.79545455
1932	1535.98076923
1932	2158.86538462
1932	2152.37254902
1932	1800.8627451
1932	5607.0
1932	12.0
1932	2.42443729904
1932	1767.47058824
1932	4870.41509434
1932	2619.98076923
1932	3411.61217949
1932	2621.0
1932	1482.98019802
1932	1789.64150943
1932	2269.03921569
1932	1584.78846154
1932	24.5510204082
1932	2639.26
1932	4035.64193548
1932	968.64
1932	1714.38
1932	3062.79194631
1932	1952.92682927
1933	1219.35048232
1933	929.54516129
1933	2589.43137255
1933	3816.37012987
1933	3902.9009901
1933	10.922705314
1933	9.16981132075
1933	3911.0
1933	375.80781759
1933	439.769736842
1933	276.603225806
1933	4480.0
1933	0.288025889968
1933	2779.25
1933	1583.37623762
1933	1562.01960784
1933	1443.0
1933	4613.34741784
1933	1579.78846154
1933	1739.57692308
1933	2144.6407767
1933	547.0
1933	2348.43137255
1933	58.1176470588
1933	2283.0
1933	4489.25
1933	2553.11538462
1933	3518.09677419
1933	2474.33333333
1933	588.356435644
1933	1780.25490196
1933	2699.62745098
1933	1462.23076923
1933	20.7959183673
1933	1956.62
1933	3933.06818182
1933	2024.42307692
1933	3284.76129032
1933	1658.75
1933	714.91588785
1934	1290.15384615
1934	564.800643087
1934	2907.33333333
1934	95.7877813505
1934	3782.94805195
1934	3570.32673267
1934	11.5384615385
1934	1152.75
1934	524.705501618
1934	1507.92105263
1934	37.4823151125
1934	3492.03846154
1934	2726.45394737
1934	1641.87
1934	4445.0
1934	963.31372549
1934	1534.13461538
1934	1729.43137255
1934	1819.09708738
1934	2042.70588235
1934	4.0
1934	1584.07843137
1934	4081.86538462
1934	2355.90384615
1934	3391.94533762
1934	2381.7254902
1934	641.168316832
1934	1847.61538462
1934	2553.4
1934	1807.77083333
1934	12.3921568627
1934	1906.94
1934	4253.60450161
1934	2358.74509804
1934	3081.23870968
1934	1932.36538462
1934	261.135048232
1935	1201.75
1935	568.629032258
1935	2809.37254902
1935	544.855305466
1935	4015.64052288
1935	3150.95098039
1935	13.6730769231
1935	1118.72413793
1935	2031.0
1935	651.702265372
1935	1610.65584416
1935	3.10289389068
1935	3777.05769231
1935	2361.65359477
1935	1748.73267327
1935	941.509803922
1935	3863.30944625
1935	1476.88679245
1935	1651.90384615
1935	1661.05882353
1935	2283.23529412
1935	4479.0625
1935	627.658536585
1935	75.2156862745
1935	1282.25
1935	4062.78846154
1935	2297.37735849
1935	2282.2244898
1935	753.81372549
1935	2000.53846154
1935	2732.92156863
1935	986.638297872
1935	19.0526315789
1935	1523.0
1935	4213.07741935
1935	2137.98039216
1935	2883.30519481
1935	0.0961538461538
1935	2864.46153846
1935	839.21221865
1936	1141.67731629
1936	493.435897436
1936	2527.23076923
1936	117.983974359
1936	4348.9483871
1936	2274.74257426
1936	16.1886792453
1936	1727.71153846
1936	1774.97560976
1936	884.071661238
1936	1549.8627451
1936	2976.52941176
1936	14.4516129032
1936	2335.42857143
1936	1198.41176471
1936	1137.13461538
1936	3062.14089347
1936	1528.42307692
1936	1592.06122449
1936	1877.00900901
1936	626.0
1936	2147.67307692
1936	4126.15384615
1936	1556.65048544
1936	12.0
1936	1161.39215686
1936	3850.11538462
1936	2309.01923077
1936	4139.3566879
1936	2239.66666667
1936	564.669902913
1936	2081.15384615
1936	2629.03846154
1936	1279.65306122
1936	265.45
1936	1754.94
1936	4224.585209
1936	2362.25490196
1936	3008.1025641
1936	0.0943396226415
1936	2962.28301887
1936	888.028846154
1937	1164.37060703
1937	1484.43225806
1937	2356.94117647
1937	4506.94193548
1937	1852.47524752
1937	54.6346153846
1937	1448.31372549
1937	3273.81632653
1937	1006.57377049
1937	1554.28947368
1937	2717.37254902
1937	2335.0
1937	1441.32673267
1937	2725.0
1937	1183.70588235
1937	3204.55700326
1937	1843.44230769
1937	1557.17647059
1937	1999.44117647
1937	552.5
1937	1778.2745098
1937	3603.13636364
1937	851.0
1937	1786.65048544
1937	10.7058823529
1937	1752.7254902
1937	3757.92307692
1937	2257.76595745
1937	3895.31832797
1937	1852.2244898
1937	198.009803922
1937	2572.11538462
1937	2276.46
1937	1477.36
1937	1699.92156863
1937	4139.4437299
1937	2685.87741935
1937	0.211538461538
1937	3063.92307692
1937	892.604501608
1937	3064.21621622
1938	1213.77316294
1938	3942.75961538
1938	2104.80392157
1938	4548.03870968
1938	1565.95049505
1938	22.2307692308
1938	987.54
1938	3186.5
1938	878.32247557
1938	2441.19607843
1938	2892.82352941
1938	2242.40522876
1938	1307.5049505
1938	2178.15789474
1938	913.254901961
1938	1.38461538462
1938	2342.88461538
1938	1652.61538462
1938	2026.07843137
1938	626.5
1938	1983.03921569
1938	2777.40816327
1938	2117.0
1938	1539.27272727
1938	1686.36
1938	3609.01886792
1938	2246.42307692
1938	4067.47402597
1938	2018.50980392
1938	23.1764705882
1938	2128.94339623
1938	2462.42
1938	1820.58
1938	1425.42
1938	3895.62057878
1938	1200.28571429
1938	2442.29677419
1938	0.211538461538
1938	2849.01923077
1938	3703.86538462
1938	2722.28
1938	2935.86666667
1938	1343.33333333
1939	1205.74679487
1939	3587.29126214
1939	1881.0
1939	1763.73870968
1939	4247.24675325
1939	2546.91089109
1939	25.25
1939	1631.46938776
1939	1016.58116883
1939	2673.92715232
1939	3392.35294118
1939	2141.53289474
1939	1684.04950495
1939	1843.78723404
1939	1368.25490196
1939	2623.09615385
1939	1674.44
1939	2307.2038835
1939	2051.22
1939	3191.73584906
1939	3671.0
1939	1902.43137255
1939	1966.43137255
1939	3488.38461538
1939	4024.88673139
1939	1959.05555556
1939	263.553398058
1939	1643.65384615
1939	2028.18
1939	1586.75
1939	1229.68
1939	3617.89644013
1939	1614.33333333
1939	2654.98717949
1939	2295.42307692
1939	4169.52580645
1939	3004.76470588
1939	2695.17647059
1939	1916.12121212
1940	1166.08917197
1940	3359.00323625
1940	1548.90196078
1940	4798.19230769
1940	4002.46103896
1940	1967.64356436
1940	1831.4
1940	1175.58576052
1940	2486.33116883
1940	3693.19230769
1940	0.612903225806
1940	2364.70588235
1940	2131.07920792
1940	1298.66666667
1940	3504.37254902
1940	3516.50974026
1940	2731.32075472
1940	1818.11764706
1940	2533.25
1940	2096.66666667
1940	3429.09615385
1940	1950.11764706
1940	1085.36977492
1940	1927.51923077
1940	3651.96153846
1940	3732.66559486
1940	694.603960396
1940	2380.32692308
1940	1660.43137255
1940	1417.14
1940	3649.60897436
1940	1888.78846154
1940	2825.04487179
1940	8.98076923077
1940	2337.2173913
1940	4387.41666667
1940	2862.96078431
1940	2807.98039216
1940	2027.82352941
1940	1836.48
1941	996.926517572
1941	4277.32475884
1941	1896.92156863
1941	5194.72347267
1941	4381.01948052
1941	2255.44117647
1941	1442.84615385
1941	1764.0781759
1941	2609.91269841
1941	9.37987012987
1941	3590.35294118
1941	2191.96753247
1941	2286.37623762
1941	1678.74509804
1941	4347.73076923
1941	2587.53846154
1941	1688.05882353
1941	2548.81553398
1941	2235.38
1941	3327.21153846
1941	1964.34615385
1941	8.71153846154
1941	2487.61290323
1941	1915.68627451
1941	4051.76923077
1941	3702.85483871
1941	1389.84848485
1941	2939.75
1941	2723.50980392
1941	1553.12244898
1941	3826.7073955
1941	2102.8627451
1941	2846.69032258
1941	4819.68167203
1941	2615.86
1941	3771.28846154
1941	2162.62745098
1941	2126.1
1941	1298.33333333
1942	768.875399361
1942	3661.55483871
1942	3715.36
1942	4038.2926045
1942	5065.94155844
1942	2324.88118812
1942	1672.03921569
1942	2289.12015504
1942	2388.76237624
1942	1851.92903226
1942	2352.74509804
1942	9.68064516129
1942	2218.82236842
1942	1930.41584158
1942	2331.0
1942	4219.15686275
1942	0.905660377358
1942	3247.19736842
1942	3038.40384615
1942	1255.15384615
1942	1983.66990291
1942	2039.63414634
1942	3847.88461538
1942	1078.0
1942	1813.7254902
1942	3547.0
1942	2544.37096774
1942	5360.30967742
1942	1792.5
1942	4149.07692308
1942	3858.58842444
1942	1689.08333333
1942	1475.05769231
1942	3690.17021277
1942	3363.46938776
1942	4322.29581994
1942	2180.2745098
1942	3240.72932331
1942	4608.17628205
1942	4849.63987138
1942	3786.78378378
1942	1801.54901961
1942	2019.08823529
1942	2224.02564103
1942	1333.9
1943	739.932907348
1943	1817.79742765
1943	3363.01960784
1943	1936.07073955
1943	2691.00653595
1943	2030.68316832
1943	1932.31372549
1943	2714.7250996
1943	2162.40196078
1943	4065.32247557
1943	3008.16
1943	39.4527687296
1943	2262.94155844
1943	1343.66666667
1943	1721.0
1943	4086.39215686
1943	3021.09338521
1943	2777.25
1943	1150.24528302
1943	1465.51960784
1943	4224.01923077
1943	777.5
1943	1662.70588235
1943	7761.96753247
1943	4065.04516129
1943	1307.39215686
1943	4055.19230769
1943	4168.08360129
1943	1482.80769231
1943	3226.63461538
1943	3019.86
1943	4743.19677419
1943	1895.82352941
1943	2641.88349515
1943	5925.15335463
1943	4782.54983923
1943	1953.0
1943	1326.39118457
1943	1456.74
1944	3367.39297125
1944	1728.67524116
1944	3985.43137255
1944	1794.45659164
1944	2836.94771242
1944	2110.87254902
1944	1947.7254902
1944	2705.15384615
1944	2250.16
1944	4470.5483871
1944	2867.17647059
1944	11.0897009967
1944	2241.08552632
1944	1395.99009901
1944	1801.5
1944	3002.82352941
1944	0.75
1944	2692.12890625
1944	1975.48076923
1944	912.764705882
1944	1398.16831683
1944	3901.11320755
1944	1131.26315789
1944	1425.50980392
1944	6589.42580645
1944	2407.86407767
1944	1126.39215686
1944	3741.0
1944	4480.39354839
1944	1628.11320755
1944	2819.25490196
1944	2637.55102041
1944	4655.60128617
1944	2326.7
1944	2256.64423077
1944	5644.30448718
1944	4462.23472669
1944	2094.58
1944	2509.87637363
1944	1777.92156863
1945	4278.08012821
1945	1721.37216828
1945	3719.08
1945	1742.84142395
1945	2677.16447368
1945	2286.56435644
1945	1950.43137255
1945	2602.00416667
1945	4950.88709677
1945	3562.36
1945	155.476351351
1945	2294.52702703
1945	1084.78217822
1945	2026.0
1945	3959.1372549
1945	1.42307692308
1945	2893.08
1945	2265.29508197
1945	1963.96226415
1945	922.104166667
1945	1395.7961165
1945	1641.26923077
1945	1132.73684211
1945	1507.3
1945	5640.09324759
1945	6032.20711974
1945	993.94
1945	3616.55769231
1945	6719.78289474
1945	1555.76923077
1945	2755.65306122
1945	2935.02040816
1945	4292.14516129
1945	2573.9375
1945	2168.65048544
1945	5466.04823151
1945	3940.78135048
1945	3506.0
1945	1966.37254902
1945	2948.75362319
1945	1720.7254902
1946	4275.38977636
1946	1577.43870968
1946	2735.32
1946	1739.98713826
1946	2065.40789474
1946	2465.87
1946	2333.11538462
1946	2755.16412214
1946	4928.97734628
1946	3634.1
1946	2136.1409396
1946	1271.62
1946	3029.4
1946	0.230769230769
1946	3060.01960784
1946	2348.67692308
1946	2535.96153846
1946	779.723404255
1946	1314.72277228
1946	1576.73076923
1946	1063.28846154
1946	6253.67419355
1946	5978.1221865
1946	907.857142857
1946	3360.98076923
1946	4743.16883117
1946	1395.16129032
1946	1512.48076923
1946	2196.61702128
1946	2162.02
1946	4183.62903226
1946	2199.72
1946	2189.06293706
1946	5405.90675241
1946	4493.53697749
1946	1957.25490196
1946	2367.0
1946	1848.2745098
1946	830.45
1947	4405.90064103
1947	1638.29903537
1947	2221.42
1947	1756.33333333
1947	2393.50326797
1947	2588.40594059
1947	2545.9
1947	4139.81403509
1947	2782.0
1947	5070.43729904
1947	2504.15686275
1947	2193.67114094
1947	1476.16831683
1947	2969.92156863
1947	0.230769230769
1947	2944.92156863
1947	2102.18253968
1947	2247.48076923
1947	1240.0776699
1947	4259.27831715
1947	1280.76923077
1947	1451.94339623
1947	6454.53094463
1947	5814.22903226
1947	936.156862745
1947	3125.59615385
1947	4873.69480519
1947	1489.0
1947	1421.21153846
1947	1422.45098039
1947	1756.68
1947	4296.33548387
1947	1829.2
1947	2147.94117647
1947	22.0196078431
1947	5308.55948553
1947	4667.3516129
1947	1486.30434783
1947	1729.49019608
1947	740.323529412
1947	2525.61290323
1948	4553.49520767
1948	2032.51446945
1948	2567.23529412
1948	2097.20192308
1948	2490.26797386
1948	2190.93069307
1948	2297.7254902
1948	4239.15708812
1948	2793.35294118
1948	6103.89032258
1948	2666.32
1948	2296.68243243
1948	1167.80392157
1948	1749.25
1948	3708.32
1948	3.20754716981
1948	3322.58823529
1948	1963.425
1948	3158.88461538
1948	1232.74509804
1948	1913.65806452
1948	1613.84615385
1948	1590.49019608
1948	6928.02580645
1948	6233.51282051
1948	1354.66666667
1948	1823.0
1948	3865.50485437
1948	1843.90384615
1948	1375.71153846
1948	1460.07843137
1948	2053.88
1948	4390.02884615
1948	1845.94
1948	82.5849056604
1948	5833.30769231
1948	5155.98397436
1948	1697.83673469
1948	1471.50980392
1948	928.341463415
1948	2471.67307692
1948	2118.88311688
1949	4178.27795527
1949	1826.58653846
1949	2471.72
1949	1993.90996785
1949	2711.37908497
1949	2294.51960784
1949	2070.64705882
1949	4049.69961977
1949	2936.44554455
1949	5768.52272727
1949	2124.26
1949	118.33220339
1949	2371.83783784
1949	1496.01980198
1949	3009.16
1949	10.8269230769
1949	3302.1
1949	2035.83061889
1949	2595.48076923
1949	1234.31372549
1949	1752.08064516
1949	1625.55769231
1949	1472.73076923
1949	7184.96141479
1949	45.75
1949	6414.22829582
1949	1141.02040816
1949	1727.45283019
1949	2022.17030568
1949	1894.15686275
1949	1446.09433962
1949	2059.47916667
1949	1939.14
1949	4303.94212219
1949	1627.48
1949	88.5576923077
1949	5181.68488746
1949	5114.28205128
1949	1416.62068966
1949	1327.94117647
1949	992.444444444
1949	2458.25490196
1949	2136.3961039
1949	2893.9375
1949	1617.38095238
1949	1582.21052632
1950	3939.2733119
1950	1980.95806452
1950	2297.74468085
1950	1741.21359223
1950	2584.91503268
1950	1849.83
1950	1999.79166667
1950	3305.6407767
1950	2832.07142857
1950	5586.66666667
1950	2156.5
1950	3211.33006536
1950	2112.07482993
1950	2407.54
1950	2111.0
1950	2144.59183673
1950	0.615384615385
1950	3401.8
1950	1861.82078853
1950	3278.26923077
1950	722.68627451
1950	1789.86731392
1950	1618.41509434
1950	1638.69230769
1950	6852.30392157
1950	6630.61612903
1950	1214.86
1950	1546.03846154
1950	1846.36454849
1950	2054.19607843
1950	1379.71153846
1950	2301.46
1950	1839.22
1950	4228.88064516
1950	1729.79591837
1950	64.6730769231
1950	4881.72258065
1950	4676.50645161
1950	1613.23529412
1950	2199.09803922
1950	2180.50980392
1950	2705.55102041
1950	1557.46938776
1951	4174.63022508
1951	2061.76848875
1951	2070.35416667
1951	1842.90032154
1951	2875.90849673
1951	2678.18811881
1951	2008.24
1951	3898.18552036
1951	3013.56
1951	5456.78709677
1951	2424.92
1951	3241.06430868
1951	2091.1292517
1951	3214.25252525
1951	1483.87755102
1951	7.92307692308
1951	3282.9
1951	1808.98671096
1951	3496.24528302
1951	2065.7516129
1951	1827.26
1951	1648.21153846
1951	6455.61311475
1951	6376.4437299
1951	1150.94
1951	1678.69230769
1951	1937.45887446
1951	2143.34615385
1951	1451.11538462
1951	2310.12
1951	1944.26
1951	4280.33762058
1951	2163.82978723
1951	61.8076923077
1951	5016.82636656
1951	4536.31189711
1951	2056.06666667
1951	1669.7
1951	2668.33333333
1951	3287.51923077
1951	1606.37254902
1952	4159.05769231
1952	2241.79487179
1952	2131.7755102
1952	1790.99038462
1952	2886.68627451
1952	3791.73267327
1952	2009.84313725
1952	4621.77564103
1952	3031.83333333
1952	5369.36451613
1952	2602.80392157
1952	2780.10897436
1952	2576.21333333
1952	3296.26470588
1952	1022.79591837
1952	3.92307692308
1952	3646.38
1952	1990.98371336
1952	3085.0
1952	1820.81410256
1952	1709.45098039
1952	1523.56521739
1952	6414.21864952
1952	6359.26602564
1952	787.588235294
1952	1678.69230769
1952	2143.61184211
1952	2114.39215686
1952	1793.69230769
1952	2678.76923077
1952	1960.28
1952	4450.33974359
1952	2268.6
1952	70.2692307692
1952	4801.52564103
1952	4637.97106109
1952	2249.36
1952	1396.98039216
1952	2761.84615385
1952	3547.78846154
1952	2162.8
1953	4271.625
1953	2181.4437299
1953	1987.64583333
1953	1804.74919614
1953	2810.17763158
1953	3561.47524752
1953	2042.375
1953	4527.16774194
1953	2971.31683168
1953	5294.70096463
1953	2738.08
1953	2704.54340836
1953	2588.21621622
1953	3387.25688073
1953	810.725490196
1953	1.58490566038
1953	3477.40816327
1953	2005.62622951
1953	3210.23076923
1953	1658.73931624
1953	1788.96078431
1953	6489.76451613
1953	6765.45016077
1953	1698.90384615
1953	2072.85526316
1953	1476.62264151
1953	1798.68627451
1953	2682.48076923
1953	2127.7
1953	4121.10322581
1953	1347.10204082
1953	56.3333333333
1953	4734.76527331
1953	4358.68167203
1953	2214.32
1953	1353.59183673
1953	2428.8
1953	3612.28205128
1953	0.196078431373
1953	2097.86
1953	1265.41666667
1954	4361.29166667
1954	1936.43949045
1954	1796.71428571
1954	1670.7605178
1954	2332.82236842
1954	3780.75247525
1954	2180.2
1954	4617.3525641
1954	2985.98019802
1954	5270.71753247
1954	2853.78
1954	2607.97749196
1954	2280.04761905
1954	3299.41830065
1954	927.66
1954	0.615384615385
1954	2289.90625
1954	2049.43137255
1954	4362.57692308
1954	1608.8627451
1954	6656.19480519
1954	6799.41233766
1954	1495.96078431
1954	1825.83168317
1954	1853.20512821
1954	1032.09615385
1954	2340.96226415
1954	2322.58333333
1954	3867.90322581
1954	1238.5
1954	58.5777777778
1954	4469.28938907
1954	3983.60260586
1954	2096.01960784
1954	1934.1
1954	2303.15686275
1954	2144.28
1954	1219.19230769
1955	2131.27213115
1955	3064.61538462
1955	1918.55555556
1955	6355.34615385
1955	1965.0
1955	826.358490566
1955	64.4423076923
1955	3235.06
1955	2126.0
1956	1978.22258065
1956	681.6875
1956	82.2708333333
1956	3409.75
1957	1844.52941176
